\d .symcheck
tm1:0D00:05:00.000000
wn1:0D00:05:00.000000
